def account_for_2018_results(matches):
    results = [
        # num match, FTHG, FTAG, Prono, s1, s2
        # Première journée
        (0, 3, 4, 1, 1, 0),
        (1, 0, 2, 1, 3, 1),
        (2, 3, 1, 2, 0, 1),
        (3, 2, 0, 1, 3, 0),
        (4, 4, 0, 1, 2, 0),
        (5, 1, 2, 1, 2, 1),
        (6, 1, 3, 2, 0, 1),
        (7, 0, 1, 1, 1, 0),
        (8, 3, 0, 1, 2, 0),
        (9, 2, 1, 1, 1, 0),
        # Deuxième journée
        (10, 1, 2, 0, 1, 1),
        (11, 1, 1, 1, 1, 0),
        (12, 2, 0, 1, 1, 0),
        (13, 1, 3, 2, 0, 2),
        (14, 0, 0, 1, 3, 0),
        (15, 3, 1, 2, 1, 2),
        (16, 1, 0, 2, 0, 1),
        (17, 1, 0, 1, 1, 0),
        (18, 1, 1, 0, 1, 1),
        (19, 2, 1, 1, 1, 0),

    ]

    for num, fthg, ftag, prono, exact_s1, exact_s2 in results:
        matches[num]['Played'] = True
        matches[num]['FTHG'] = fthg
        matches[num]['FTAG'] = ftag
        matches[num]['Prono'] = prono
        matches[num]['Exact_s1'] = exact_s1
        matches[num]['Exact_s2'] = exact_s2
    return matches

'''
for season in [2015,2016,2017]:

Team                  |  #  |   |  0   |   1   |   2   |   3   |   4   |   5   |   6   |   7   | Total |Avg A|    |  0   |   1   |   2   |   3   |   4   |   5   |   6   |   7   | Total|Avg D |
       Ajaccio        |  0  | A | 12   |  12   |  12   |  12   |  12   |  12   |  12   |  12   | 100  | 3.5  |  D | 12   |  12   |  12   |  12   |  12   |  12   |  12   |  12   | 100  | 3.5  | 
     Ajaccio GFCO     |  1  | A |  1   |  88   |   6   |   1   |   1   |   1   |   1   |   1   | 100  | 1.2  |  D |  2   |  92   |   1   |   1   |   1   |   1   |   1   |   1   | 100  | 1.2  | 
        Amiens        |  2  | A |  1   |  49   |  44   |   1   |   1   |   1   |   1   |   1   | 100  | 1.7  |  D |  1   |   1   |   1   |   1   |   1   |   1   |  47   |  47   | 100  | 6.2  | 
        Angers        |  3  | A |  1   |   5   |  47   |  41   |   2   |   1   |   1   |   1   | 100  | 2.5  |  D |  1   |   1   |   1   |   1   |  78   |  16   |   1   |   1   | 100  | 4.1  | 
       Auxerre        |  4  | A | 12   |  12   |  12   |  12   |  12   |  12   |  12   |  12   | 100  | 3.5  |  D | 12   |  12   |  12   |  12   |  12   |  12   |  12   |  12   | 100  | 3.5  | 
        Bastia        |  5  | A |  4   |  80   |   2   |   4   |   4   |   4   |   1   |   1   | 100  | 1.4  |  D |  1   |   2   |  89   |   4   |   1   |   1   |   1   |   1   | 100  | 2.2  | 
       Bordeaux       |  6  | A |  1   |   1   |   1   |   1   |   1   |  46   |  48   |   1   | 100  | 5.4  |  D |  1   |   2   |   1   |   1   |   1   |  92   |   1   |   1   | 100  | 4.9  | 
        Brest         |  7  | A | 12   |  12   |  12   |  12   |  12   |  12   |  12   |  12   | 100  | 3.5  |  D | 12   |  12   |  12   |  12   |  12   |  12   |  12   |  12   | 100  | 3.5  | 
         Caen         |  8  | A |  2   |  89   |   1   |   1   |   1   |   1   |   1   |   1   | 100  | 1.3  |  D |  4   |  83   |   2   |   1   |   2   |   5   |   1   |   1   | 100  | 1.4  | 
        Dijon         |  9  | A |  1   |   1   |   1   |   1   |  22   |  23   |  25   |  25   | 100  | 5.4  |  D | 91   |   1   |   1   |   2   |   2   |   1   |   1   |   1   | 100  | 0.4  | 
Evian Thonon Gaillard | 10  | A | 12   |  12   |  12   |  12   |  12   |  12   |  12   |  12   | 100  | 3.5  |  D | 12   |  12   |  12   |  12   |  12   |  12   |  12   |  12   | 100  | 3.5  | 
       Guingamp       | 11  | A |  2   |   1   |   1   |  40   |  26   |  28   |   1   |   1   | 100  | 3.8  |  D |  1   |   1   |  92   |   1   |   1   |   1   |   1   |   1   | 100  | 2.1  | 
         Lens         | 12  | A | 12   |  12   |  12   |  12   |  12   |  12   |  12   |  12   | 100  | 3.5  |  D | 12   |  12   |  12   |  12   |  12   |  12   |  12   |  12   | 100  | 3.5  | 
        Lille         | 13  | A |  1   |   1   |   1   |  56   |  35   |   4   |   1   |   1   | 100  | 3.4  |  D |  1   |   1   |   1   |   1   |   1   |   1   |  70   |  24   | 100  | 6.0  | 
       Lorient        | 14  | A |  2   |   1   |   1   |  92   |   1   |   1   |   1   |   1   | 100  | 3.0  |  D |  1   |  86   |   3   |   2   |   3   |   3   |   1   |   1   | 100  | 1.4  | 
         Lyon         | 15  | A |  1   |   1   |   1   |   1   |   1   |   1   |   1   |  93   | 100  | 6.7  |  D |  6   |   1   |   1   |   1   |   1   |  39   |  51   |   1   | 100  | 5.2  | 
      Marseille       | 16  | A |  1   |   1   |   1   |   1   |   1   |   1   |  93   |   1   | 100  | 5.8  |  D |  1   |   1   |   1   |   1   |   1   |   1   |  93   |   1   | 100  | 5.8  | 
         Metz         | 17  | A | 92   |   2   |   1   |   1   |   1   |   1   |   1   |   1   | 100  | 0.3  |  D | 49   |  46   |   1   |   1   |   1   |   1   |   1   |   1   | 100  | 0.7  | 
        Monaco        | 18  | A |  1   |   1   |   1   |   7   |   7   |   1   |   1   |  81   | 100  | 6.3  |  D |  1   |   1   |   1   |   1   |   1   |   2   |   3   |  90   | 100  | 6.7  | 
     Montpellier      | 19  | A |  6   |   3   |   2   |   2   |   2   |   1   |  47   |  37   | 100  | 5.7  |  D |  4   |  14   |  23   |  24   |  27   |   3   |   2   |   3   | 100  | 2.9  | 
        Nancy         | 20  | A | 91   |   3   |   1   |   1   |   2   |   1   |   1   |   1   | 100  | 0.3  |  D |  1   |   1   |  19   |  56   |  21   |   1   |   1   |   1   | 100  | 3.1  | 
        Nantes        | 21  | A | 92   |   2   |   1   |   1   |   1   |   1   |   1   |   1   | 100  | 0.3  |  D |  1   |   1   |   1   |   1   |   2   |  51   |  21   |  22   | 100  | 5.5  | 
         Nice         | 22  | A |  1   |   1   |   2   |   1   |   1   |  92   |   1   |   1   | 100  | 4.9  |  D |  1   |   1   |   1   |  50   |  44   |   1   |   1   |   1   | 100  | 3.5  | 
       Paris SG       | 23  | A |  3   |   6   |   5   |   1   |   1   |   2   |   2   |  81   | 100  | 6.1  |  D |  3   |   1   |   2   |   2   |   2   |   2   |   2   |  86   | 100  | 6.4  | 
        Reims         | 24  | A |  1   |   2   |  92   |   1   |   1   |   1   |   1   |   1   | 100  | 2.1  |  D |  1   |   1   |  93   |   1   |   1   |   1   |   1   |   1   | 100  | 2.1  | 
        Rennes        | 25  | A |  1   |   2   |   3   |   3   |  87   |   2   |   2   |   1   | 100  | 3.9  |  D |  2   |   1   |   2   |  32   |  31   |  29   |   2   |   2   | 100  | 3.9  | 
       Sochaux        | 26  | A | 12   |  12   |  12   |  12   |  12   |  12   |  12   |  12   | 100  | 3.5  |  D | 12   |  12   |  12   |  12   |  12   |  12   |  12   |  12   | 100  | 3.5  | 
      St Etienne      | 27  | A |  1   |   1   |   1   |   1   |   1   |  55   |  39   |   1   | 100  | 5.3  |  D |  1   |   1   |   1   |   1   |   1   |   1   |   1   |  93   | 100  | 6.7  | 
      Strasbourg      | 28  | A |  1   |   1   |   2   |  92   |   1   |   1   |   1   |   1   | 100  | 3.0  |  D | 92   |   1   |   1   |   1   |   1   |   1   |   1   |   1   | 100  | 0.3  | 
       Toulouse       | 29  | A |  1   |   1   |  38   |  53   |   1   |   1   |   2   |   2   | 100  | 2.8  |  D |  1   |   1   |   1   |  92   |   1   |   1   |   1   |   1   | 100  | 3.0  | 
        Troyes        | 30  | A | 90   |   3   |   1   |   2   |   1   |   1   |   1   |   1   | 100  | 0.4  |  D | 30   |  56   |   3   |   3   |   3   |   1   |   2   |   2   | 100  | 1.1  | 
     Valenciennes     | 31  | A | 12   |  12   |  12   |  12   |  12   |  12   |  12   |  12   | 100  | 3.5  |  D | 12   |  12   |  12   |  12   |  12   |  12   |  12   |  12   | 100  | 3.5  | 
        Nîmes         | 32  | A | 12   |  12   |  12   |  12   |  12   |  12   |  12   |  12   | 100  | 3.5  |  D | 12   |  12   |  12   |  12   |  12   |  12   |  12   |  12   | 100  | 3.5  | 

'''
def attack_defense_vectors():
    attack_vector = [
        [0.125, 0.125, 0.125, 0.125, 0.125, 0.125, 0.125, 0.125],
        [0.014321535594215553,
          0.8751474667415717,
          0.060223517280300794,
          0.010208890910018075,
          0.010069340120509808,
          0.01022095327879915,
          0.009912136050911733,
          0.009896160023673295],
         [0.011295082820311919,
          0.4887980856318587,
          0.4437991249169308,
          0.010760909289532404,
          0.010752349153962542,
          0.01190518621809551,
          0.012732976380430416,
          0.009956285588877557],
         [0.009609182429295277,
          0.05395901166647554,
          0.4727414767730655,
          0.4090331177178387,
          0.016046542141268577,
          0.009621867893779026,
          0.014491397039639673,
          0.014497404338637887],
         [0.125, 0.125, 0.125, 0.125, 0.125, 0.125, 0.125, 0.125],
         [0.04232543552928954,
          0.8032521644582012,
          0.019453907896159726,
          0.036823147226331676,
          0.03678165904360946,
          0.036965927523965623,
          0.012496137202836679,
          0.011901621119606047],
         [0.009350737932067655,
          0.009350762021659948,
          0.009350927563688487,
          0.009473977795211658,
          0.009414737837103282,
          0.46353504838461695,
          0.4800151249833273,
          0.009508683482324724],
         [0.125, 0.125, 0.125, 0.125, 0.125, 0.125, 0.125, 0.125],
         [0.01962949234616726,
          0.8938226267888029,
          0.014035137344477491,
          0.014308394205843625,
          0.01432553911083357,
          0.01441958684786216,
          0.014646628906145997,
          0.01481259444986724],
         [0.009727639039494916,
          0.009617428903863749,
          0.012749669844409475,
          0.010832958566955098,
          0.22358293562228354,
          0.22715393413917373,
          0.25455282642882554,
          0.251782607454994],
         [0.125, 0.125, 0.125, 0.125, 0.125, 0.125, 0.125, 0.125],
         [0.015202551263204243,
          0.010695141919827456,
          0.009559353739232477,
          0.40265255311778225,
          0.25962683202041636,
          0.282646418427802,
          0.00982842003927605,
          0.009788729472459304],
         [0.125, 0.125, 0.125, 0.125, 0.125, 0.125, 0.125, 0.125],
         [0.009432221084146278,
          0.009567999297707878,
          0.009600112957399352,
          0.5632673570205133,
          0.34908415147771527,
          0.04032472143476464,
          0.009357032128576243,
          0.009366404599176963],
         [0.015584905237444416,
          0.011058865198465759,
          0.012820115155640185,
          0.9181681209363136,
          0.010882260464682247,
          0.010366007096952796,
          0.010508744717034826,
          0.010610981193466224],
         [0.00933236379323019,
          0.009324394852034196,
          0.00932510960937371,
          0.009340331488515395,
          0.00980670142287657,
          0.010014802760924936,
          0.010118605112810215,
          0.9327376909602348],
         [0.009414499883726852,
          0.009294091334034965,
          0.009340418360248836,
          0.009377076380926488,
          0.009376263159866059,
          0.00940577319551693,
          0.9343784195556842,
          0.009413458129995559],
         [0.9203221580466718,
          0.018269050868207053,
          0.009356677050542264,
          0.014633628909906294,
          0.009357952004772822,
          0.009353888069039303,
          0.009353344909729612,
          0.009353300141130677],
         [0.009541447678039718,
          0.009457639205831377,
          0.009676054042198814,
          0.0698527685646997,
          0.06912076493342764,
          0.014163565326765954,
          0.012801532331836271,
          0.8053862279172005],
         [0.05573591312121582,
          0.03227475854441628,
          0.018956037665400507,
          0.016165154271167794,
          0.02166850814100183,
          0.0130108359298437,
          0.47137212883185403,
          0.37081666349510006],
         [0.9090208974683969,
          0.025932448710897754,
          0.009819107790554327,
          0.01011919721611224,
          0.015023690053612678,
          0.009815921510740663,
          0.010135234248655936,
          0.010133503001029918],
         [0.921756230455102,
          0.020934736788726687,
          0.009532362010510081,
          0.009573171650538382,
          0.009720361892211309,
          0.009571972896670708,
          0.009530167586895687,
          0.009380996719345043],
         [0.009825369629148865,
          0.009828345530631303,
          0.015133973364610899,
          0.014946954182880048,
          0.009351301786670804,
          0.9220427663478318,
          0.00940988777969056,
          0.009461401378535626],
         [0.02741803112891193,
          0.055449969940602285,
          0.046092166460366735,
          0.014669133315439817,
          0.013479787645952505,
          0.018120053818834338,
          0.017751158388398795,
          0.8070196993014935],
         [0.009371069260163083,
          0.023911875223677333,
          0.9198856653555316,
          0.0093965914496021,
          0.009405717609766929,
          0.00940291590677104,
          0.009314819631388081,
          0.009311345563099793],
         [0.010758304198158217,
          0.016887171342950393,
          0.02675391956513971,
          0.027136726856013243,
          0.8722856020513639,
          0.015692447025544457,
          0.015489952358018352,
          0.014995876602811663],
         [0.125, 0.125, 0.125, 0.125, 0.125, 0.125, 0.125, 0.125],
         [0.009427877202302457,
          0.009356464965732197,
          0.009350919620032752,
          0.009501396276449256,
          0.013405360061992425,
          0.5464347382473802,
          0.3928759825323546,
          0.009647261093756063],
         [0.01398723718612491,
          0.009445538782063953,
          0.0183391128488243,
          0.919696161402005,
          0.009582053921745316,
          0.009621435858228425,
          0.009670107243900205,
          0.009658352757107424],
         [0.009673266662674637,
          0.009586781176181535,
          0.38084414817835155,
          0.5333504275899468,
          0.010109359708687015,
          0.010104909901192657,
          0.02322362698792227,
          0.023107479795043417],
         [0.9002649526018032,
          0.026277893549532853,
          0.00986396846478873,
          0.01743970879735339,
          0.011495621810190343,
          0.011763643507453755,
          0.011400257713411553,
          0.011493953555466105],
         [0.125, 0.125, 0.125, 0.125, 0.125, 0.125, 0.125, 0.125],
         [0.125, 0.125, 0.125, 0.125, 0.125, 0.125, 0.125, 0.125]
    ]
    defense_vector = [
        [0.125, 0.125, 0.125, 0.125, 0.125, 0.125, 0.125, 0.125],
         [0.01657161196013173,
          0.915091243395566,
          0.012858559580537252,
          0.010885670621670313,
          0.011523423049616163,
          0.009816799567717728,
          0.011596847150409366,
          0.011655844674351452],
         [0.010889086635638345,
          0.01094935110720715,
          0.011241747059746048,
          0.010092879892083587,
          0.009534216835813271,
          0.010430831713745753,
          0.4717530639223156,
          0.46510882283345006],
         [0.009814207401269873,
          0.009515926349741683,
          0.009708815723492928,
          0.010365882496426795,
          0.7805620701682183,
          0.16126452667120053,
          0.00938272251290061,
          0.009385848676749119],
         [0.125, 0.125, 0.125, 0.125, 0.125, 0.125, 0.125, 0.125],
         [0.009930685943004088,
          0.018032950025518864,
          0.8884537519161431,
          0.04036160685177861,
          0.010924059722992966,
          0.010864263926668234,
          0.01070801788476067,
          0.010724663729133282],
         [0.00935073460438633,
          0.016091685313575844,
          0.009399667612722259,
          0.009399114251233092,
          0.009399022957231577,
          0.9231408075334869,
          0.013866085737338902,
          0.009352881990025147],
         [0.125, 0.125, 0.125, 0.125, 0.125, 0.125, 0.125, 0.125],
         [0.03501491193353694,
          0.8318183820521824,
          0.02041167404853262,
          0.013059915791637497,
          0.024150674279002134,
          0.050173856686849615,
          0.012635179922016536,
          0.012735405286242276],
         [0.9117545469206382,
          0.009580995280493537,
          0.013718942400825574,
          0.015416128742181416,
          0.015361069885819586,
          0.009951634847768957,
          0.00975098222947482,
          0.014465699692797878],
         [0.125, 0.125, 0.125, 0.125, 0.125, 0.125, 0.125, 0.125],
         [0.012817843550727516,
          0.009804086719010428,
          0.9180883284166261,
          0.014982604393948681,
          0.01095551186508078,
          0.012069423735834051,
          0.00946839437617952,
          0.011813806942592806],
         [0.125, 0.125, 0.125, 0.125, 0.125, 0.125, 0.125, 0.125],
         [0.0093682637091727,
          0.009773621480594935,
          0.009351303744947987,
          0.009815686512996337,
          0.010189964026219269,
          0.009409035157283864,
          0.7036248638127688,
          0.2384672615560162],
         [0.012934811645853831,
          0.8590044536915207,
          0.02781666296717649,
          0.01531998699182851,
          0.03327197697370543,
          0.03114622674567632,
          0.010182669961464648,
          0.010323211022774042],
         [0.055468139280286405,
          0.009325867106568908,
          0.009325077809910452,
          0.009333567740992803,
          0.009325647276669027,
          0.3871492425113025,
          0.5097462795079248,
          0.01032617876634508],
         [0.00936023597641201,
          0.009323859628374101,
          0.009512274407742667,
          0.00946470093656584,
          0.009463537164765152,
          0.009400682043023993,
          0.934072547339094,
          0.00940216250402226],
         [0.4882395628721806,
          0.4555334138634216,
          0.009448870748173393,
          0.009354445932344838,
          0.00935450446868106,
          0.009358376636352148,
          0.009355752339390256,
          0.009355073139456016],
         [0.009430078720159074,
          0.009430774684424967,
          0.010419742820085714,
          0.011991479115139451,
          0.010500276269998188,
          0.02243762283649636,
          0.027508949914380892,
          0.8982810756393154],
         [0.03912850950005314,
          0.13739443128594217,
          0.22923513611064733,
          0.23874786514877097,
          0.27284139332268387,
          0.0321385991482977,
          0.024566810880532766,
          0.02594725460307199],
         [0.00936005245764369,
          0.00951077913416965,
          0.1887000327082717,
          0.555930902897132,
          0.20660590494107195,
          0.009863686443364711,
          0.01001295170197867,
          0.010015689716367553],
         [0.009450477770935384,
          0.009415331242557928,
          0.009578477050701856,
          0.00953457091010456,
          0.018596834461566753,
          0.513444948315708,
          0.21359829478221226,
          0.21638106546621327],
         [0.010853907680492119,
          0.010755031014481234,
          0.009400032591150999,
          0.49665533849404075,
          0.44320268695667003,
          0.01002898775722055,
          0.009507219005948062,
          0.009596796499996353],
         [0.025890967855003652,
          0.013806025143002453,
          0.017640732234490815,
          0.018763059980446563,
          0.018753531408420048,
          0.02457128865512413,
          0.019333240639436686,
          0.8612411540840755],
         [0.009308774662836066,
          0.009928739874858067,
          0.9340470712643147,
          0.00937796568637144,
          0.009338487299017371,
          0.009337751239598817,
          0.009329358183171365,
          0.009331851789832424],
         [0.02284453699567036,
          0.01227904550625727,
          0.015801682238517117,
          0.31601324522173496,
          0.30526567241748936,
          0.29056892440491233,
          0.018418311723335173,
          0.018808581492083417],
         [0.125, 0.125, 0.125, 0.125, 0.125, 0.125, 0.125, 0.125],
         [0.009355163898397977,
          0.009348338799990998,
          0.009440183102878648,
          0.0095784539860953,
          0.009581553773461827,
          0.009415764188623884,
          0.009463829940374015,
          0.9338167123101773],
         [0.9191258726252399,
          0.014057663621065614,
          0.013439904404751554,
          0.009561588636531091,
          0.012471828312018787,
          0.012354803466601741,
          0.009499421840406296,
          0.009488917093385233],
         [0.012389549579854383,
          0.014459450261691612,
          0.010048346580021147,
          0.921558656413418,
          0.009986342028059118,
          0.010278528822893892,
          0.010692359247006466,
          0.010586767067055457],
         [0.2988474017364338,
          0.5628470208627073,
          0.029925218355783555,
          0.03000417613581712,
          0.028534775164501265,
          0.014422742006731472,
          0.017596828433779986,
          0.017821837304245424],
         [0.125, 0.125, 0.125, 0.125, 0.125, 0.125, 0.125, 0.125],
         [0.125, 0.125, 0.125, 0.125, 0.125, 0.125, 0.125, 0.125]
    ]
    return attack_vector, defense_vector